# Formato: MONEDA_ORIGEN_MONEDA_DESTINO=VALOR

USD_CRC=540.50
USD_EUR=0.91
USD_GBP=0.78
USD_JPY=145.30
USD_MXN=17.20

CRC_USD=0.00185
CRC_EUR=0.0017
CRC_GBP=0.0014
CRC_JPY=0.26
CRC_MXN=0.035

EUR_USD=1.0989
EUR_CRC=598.20
EUR_GBP=0.86
EUR_JPY=159.00
EUR_MXN=18.95

GBP_USD=1.2820
GBP_CRC=705.00
GBP_EUR=1.16
GBP_JPY=185.80
GBP_MXN=22.30

JPY_USD=0.00688
JPY_CRC=3.85
JPY_EUR=0.0063
JPY_GBP=0.0054
JPY_MXN=0.12

MXN_USD=0.0581
MXN_CRC=28.60
MXN_EUR=0.0528
MXN_GBP=0.0448
MXN_JPY=8.35

